$ANSIBLE_VAULT;1.1;AES256
64646536346134646263363363363538353234376138313134316339313038323764343530653031
3539373139313061653165643431333766643639643230640a623735663038333662633166623936
36643065666433396135373165386233666531383139636263386663303132396464613939643565
3931633336333733650a656532323364316363616366393835303762666335356463303163383563
64643861376564393035343736376264653935643661666333383362656131656264336131656637
64396333613432383062626361653435626638386265613064383236363666396539333431626235
39656164643839353134613236626234636666333062653436393830633230306630396433643962
39333235663132643365323663363462393863343065346634316531326435616233306537653266
30366530643236646365313834343066346365366163303962323263663061663063633437303939
61303965326436373130396562303636623634633836306264653963396462306130663534323335
62376638393364353936356539393763383132663662646663373637623138303938626462303935
63343866383431353036653162616264386362366262343831396465643465326336303666343465
39323334323136343965626433386338663563373861366530646566356131353734336338373934
31633836396134316466393333333734373163633431323034366232376133363330336332346262
32333433366434373333343238653035313436623833356566663438646666343363393637356434
35613337363631373264346161316361653462353633343533623461313632653934366263323736
61383562396661643131383136303936666163306364633337363133393164633133313439326463
32383537653036383039666666326465376432313461353666653764383766333131303761373463
65663933323732366430383866363661323161313963356539613962656131376439316232643563
62666366393735353366626338303435643663656461303034356463613437636236353462623862
63366233653030626338333330316134626334643532613061303939343463396662396633396535
63353137396261376633646438653433323436356633346330326534333965623033303838616665
35653837643331626332343032363061333930646264343331666665373836366465643561316338
33356434313234336164383465666566336434626263373737623236666139623039653361353139
62656530633861333132366231643038393133623534373335356430376535616232316638303666
35646662313862386631366463656565636162623330323266336662396433663137353434303336
32376362653136393262343033663730326164623738666265356331333136646536356233316262
63646661323864326234343038356338383234656635383638303363316664336637343561663765
30373431643838303634653137613561303232323832616562336338343235383565663933633432
38383739643762383463383036663566636463393932306339646531323136616336613863653462
63356438376632393966633430646437383262303764323133386234396362356630303938613633
62653333303935346462666238373939316133333031613261666163323232383538323436333835
30616335396635666463313663356134366633613936613538306163323637313763613764363731
37643164326565646465323562336636643333326363313434343139383235356631663931613164
36316532613634326432313239393233316135616639313030396238306431323361666561393339
38353034613830346633613562383866633034636562313031316531626665323233313032323038
38383561303737336534323065316639646166336135363137666139346334376538343062343964
65326566666232623463356237393937383066333839373637616534623666616238393461313233
36636236613164383537316237303664313965646261626262633763653565613366623864663866
33323832643439646362373237353135393133636362616664646334633833363064353637653439
39653162363032383039336363666464333430303434333932323264623464333964306338653062
34316266643866633634393336616638303237383966363165633364396636316661303037323366
35633633303632353132643536323666323062343534396635316431363538306631393930396263
62363634303162663334396139333166303933373538663466636136306262333163323836363862
35323331376466656265306363353765636131363032343463323239363136633562623962333766
63326162633162313031373262393233303838633830306266363636393634653165346161343130
36613036333438323136353632373739663034616432656633323734626337356431316563376131
36616139653462393333616364393137306236613633326233366630366135653762353764356564
65623331626633616331356235373035323631303766616339336165353535386363633136636164
64343239646234353963323837636538336530336536653663616264396232613462613463316466
36376331643636346664313035613536643964633635393464633537366332663032343839343530
64323735396636653039636231353639353430633065313739356630633836613634636531666263
30323735376336653130336266313666373536663061363466633533613662376663313464623566
39303730386437323839376663336136386361316163346137646331353965333566373530636239
30373961393162666137373738373564666164386164643263653931336263366466643039323061
64643637313761643866333266616134353633393634613063333064623339316531353837323430
61363034393064306263373931323461643931643132393861623063326533306565373932653738
35336265326434636465336235363762303161623931303864313138363031306263326166383534
31303266323566663635346336346166316566346662333163323165313663613763366662316532
37623165616666323862313765346233396364656333373462626566383735326661663733616330
30666235393234616162383862643839633535383961653635643866376163383664646633303436
66656634626164343731363830313936653338383862626162346432316366346333363436346337
61613437383133646366383665356332363338656563333539373234643638323435326662613137
30366163343036623733626265336630363830333538336661313238393531616363343337663962
32383034393261343462376430356134353732313464623235373631656235356566613961646565
63656434303330613137623936333133656332323464326438653737373363666466303761636163
63396537356166653466656132393862363937373163636430623763643964343832383537356239
33313962643166653266313739353731613062343763376533616130653762383662313762333163
33373366653538663638366631326630383066666137373838306530653761646463313230396365
36633664343435666362333636376538623339346431666231373961336335336230663965336362
36383434396238376535633061316132663835666364333563303164656562333535643565366563
63626466393633336131373738613364303635353665396332613266623230363463613037666530
35303761313130386535613338616362366431653230656635666162333263633930616131316266
39376162316663333734653434343462303966303434336165363835646438616666373862653432
37666532653338303831616336366631366431393435356464376130363239663361343062623437
31333463636137313430363533353239663363363338653836653863386133303735313637663264
35303436613666663364643435303262663533353931623231343263383538613430343632623533
38306361653534343364353264363634616234663336666437346538303131346333323035343931
36613533653533316164333566393163653166393838323661663430343233313262303135353434
61306463303833636662343564613930633832313961333132633437333035306365666464666261
35313633336165333133626532663338333833333136613639373530373662303236613936363130
35326335663962633462343534386165653365303562383265393234313535356131353331653062
39366536643638653138623863646538323162623932306666653638633464633636356462353034
35653638663061323731616466623162323231346237613361346233366230383837333365653464
63646137396135373038646266373863313030633165633332356364313161316664333862393336
39636130313064663134323562303636366238663336653433346338616331373163643339356562
35616532623866323063643931376165366137616132366235393438663736656238306538643937
33323233393835333134626233303462363263313637313537633238623139373564373430636138
31666539373732373466653266346631326331656430636638653835333335353631353430306464
63613839313530366164323538373064313438353131386534623136363664656130396336343135
36393634396636333334616335383864646261376562623338336338366639356236623536663731
63646364323930633436623462343934353534383565636361626538346465346436383136323833
35366238386238376538643130393633383739383730363630623564323932343065393538386432
33363165656633333833393261666534636262656532356564623236316665356633386538636562
38353234613936343839393664646430353765623664353566376563636666343638663461376165
36326637386336616466353134353737323130643037663466376334356639653665623336306338
65313532366631303034666137346436653037306437313534626237333338613038386134643066
32316133326236383333303365316165353531393935646232623230346338383239383865336431
38613566653662353965613265313863343336323433336166623430306238666635613430333038
36303235316235636639393334383734313831643930623636643666376263303335656136656137
32666366393262373962336336656231373064386361666232303439363234613061336263323462
38333865346330613034633562666332373134333838306433633336396432313432663133653664
33396364613936326564666436326130643361613235346133656135353430653636386266386162
37386263636534343434393039396131643438303763386163623963336534393666623363313332
39613461663633366466633338323233353663383934313965633737646666306332626534333063
64666234653666383266653435346333323638376164326137376433643334393237363136353366
66646331646332656135376665333538353366633934353735386666626466666166363437333237
63376664373663633936396232323562303331643732313461313638376561386232363031626338
34383236353166393965623830633535643732333966336335616132303463613263346339373830
38653830386463383066383633306337373831306666653436336631646465366232393736656531
37653463646330656631333239383734623631316436613933663532363762643961366432386238
30396339653933663931633063383937373964353933376631643462316530396465356239333166
36376332383133306239383837373837323564363139636666333638366661613139323062646661
63353465373862666432363062643066326563626561636234333632336564333234646134383138
61396639663339383836623861306136366435363765663064653966336238333637303434373064
37663439393462336437386136333662633035646334363663306362353432656237363463623632
32653434636633626139343563623939333538346531663038663331626531386466383832633464
32613739346332313339353137303932366334636134343033303036353866386430356136373134
33656562316531363263323831656564383436623565663536336666336636346633646161623336
30303964336438303439313331656532336663323033356536373937666435346238303762393731
35323662613064613930656466623162636666366534306332636461643834326439373966386566
33306535343264623133366664303062316432376265353061633963653261663064376561316663
32366661613733656338316533633533646263636666353261343565666536613166343464373466
31623439623263323335616133396461343833333738333830373235653465626539633663336434
37356230383534633263303130306237626562643733613937343937663939666466663137353166
38363133646565626637303261663533323330313335393761323530616636353464383532633336
30663332623663353862366664666561373535343063383032393036646363386365346139393663
34633136636133383434346536616137343132326264366635653433346262346566343335333131
30346332326635366463383930663734613862303631396533366239343461376361343461316235
39323532353132643039366431343234646236316134633038306239633137326136303536613931
63653931323530656135316332373865613732383462653262316434666263646565666231653965
62633539643462363564376634336665653839613262393635653938363934323533393862313635
64656635386131366331393666356364653732363264636461326539383837356132656339333431
37316538666238626265383330633764356232303036363864353936313261363236353162613366
31363338623763323064376535656565353761333262376264333861663565303535363538653666
37303264343933663634373532313661313736303638356230306239363933383335386236633630
31653963633734376265623961656263373131346661623163383138303733663365633434626464
31306361643234623231333963353432613966326339373737306437323530643631623933633333
62323164373033353665333165366264376534323863353764616461376166313438663966346333
30373939623530373533663263393361306434376263313430663235306264343633356463613633
61323266373066306663366566303565646566613733636434363664653261333137333033343363
32363261643065383431636562666233333861396663663432613834373466326237356236343635
62636563313965663437636339323637306437646535346534343966313061396561366463613733
64363038313165643639303861323032373635386630366166613262373235383331616433363033
65343335643335343562383165353530663264373833333165653261343537373161393132626361
66336539383432393439626230633034383766303266633039346331323539373234303361316330
62326439636366386536303164343564326161376162323430393065323061336135623531386437
64623262636566353763326136613766643634626431646265353536313334633335383933326666
61386231343363643235386235663239313862666566313966623734383866383832363632323834
31643930303662633862393830366663326166316362623266353230653331623366376230343732
64633438613632306239316432643932363962613530353032666239613535323930653161393562
64313330383864383636353462366166346332343964396132316331626436343338363665346462
66303530636565643839643735353632366531663061346132306435356464656332636636313061
30616330633364323166303436303264373636313066636563623661333833356337663062663763
37386338303737323835633033303232333535333432326565346263353636383939353061313836
63363033323536653464646130656130346362313931616161653031373666346230373832653361
34663534316465373434366462323030336435366635323437313431623831323035366631383961
38303238616130363930306131653861613164636330363235343461313861363363666233613937
35616639623363316339356665303132363434313862666561616234626536333831646162363663
61306662303961323465373461623431646234626231623966333431643032323335616233343938
61313739333337396665363661626639313638663730353030613562303232336133373035613262
38336337623864323962326665623134393966396361383336396532623366646536386362396463
31636364353362316539393533386639353363353730616637626564663062373639343562363338
65373736636138323466646136333961343139623736356434383338383534373933656131646636
30336633636137316363333739356138643031653237346566626237346465336164663330323134
34343161313436356631313233386364326237343231653433663464366639636361326434313636
31303430313134643433326634613634643262633235376634346263353964323034353934333830
33346531373931303036666230323439396465303062343861656164663030623636366534336462
31366264353434393237356266666361343062393831393737643031643839663139396566653637
61326138356561376562383961343739333730393661326538633031323939663735323031373737
38376364336563386331623433356131666563646539646461386537653830633666306465343630
64313839653233343835663664626333653461636366363764363266383034323532626564373665
63333365316463373932376363656539623436346565393434353332313533313330633131316466
39383434633236626461373566303633363761313536393432666362383666323935646332353463
633531373433363937393964353662303030
