$ANSIBLE_VAULT;1.1;AES256
30356439306562346639623364396535663535653730313263386366633732323232643136663466
3535303734393139613239363236633531653833323039610a396130633432393931636231313038
37306636373830393133653238333362366639353138656461663061646265616439373230666630
3761356532626664640a653139316565666137323338613465323264643665313465656464616262
30656239333231316662366133303239323936633065303233613234313564383835313036633033
32323234373535386138366630313532646165663566643539316532313032663334376137333539
66303736366636313665623931386166316364366235663161356335363133316130383430643865
33663233316230316532303464316239326365336139323065373565393364656637376264373135
65613033346433383835333134623834383136613733653733346263663537363164346534656337
61383933636630313861613265386538343335336666316666363137303166323138663633666133
38656635663232353734303533643534373336653339303161393266386539613361613838333339
35376337666266626432643538343561323431343732363533633363646637393864353635643566
36353966326435356165636634316335356238656234353337333764636239633037663930383938
38626538353038343536626336396464636262643162326238666131613365353533663737626665
37303431356664346330636364383766323665356534373039636261306638636661306235616161
35653238633338323536336338323838343937336333343139623838633432613038346564333630
62383364613465613664333566333461306430356563663237373034363432356432306366613631
63323532316431613138363335363631663263633030633865326365306236333539333935323635
61666435393063656131633133313763633035333665326166636665323466363435666564666539
62323338653433333135313233383933326563663261626661396134626531333533376435646562
36393662303466356166343638383830396632326534393039633432383264303136376636333838
39336133636664326438323830656461613362333666346335363663623734613166383030383266
65363036363438623834336566626636633366393037613763656532303134373532653363626639
63306337323638376239353861366631636366373363666237323635643438623435623837383131
63343731643231353665316365376536356532326564663530396533653837643336633331313064
64626630396563353833636134616664633239353435366332343666633062303336326430363832
39616264613763323130306436346665643865383430313135633539306135653633393861633637
30343833363734366562663138393631316335616634303464343431396561376262646461613630
30333865373161323666313365316338613535393561326534336361653939373936353665363662
35313231646339303439376363663338363834643935663432356532326135663165653737313164
37666661663865623633613339313437386461666135316466633166373038373262653366386563
31646266613839633965663366663538313233613566393463616361613135313664393033643162
66396165393335626635366662633831383938663863336262396265616565666463656338366439
31336532363635636439656134313833633662386136343536383437363965373032396333396335
37353436626235353962653536356632373334376535646364613466626162376437613730366632
62383264353361333963643862663666346664303262346537363363633533626336393234626438
36613665656632623862646162623331323039333635613935366131366639313766363130383236
61303263323963666636343530383863636639313531386364653734636561633431323130313130
65343837666234346233346431333738376464313835626464643465343765373834633561623839
33356239353866313430306462376432373365363164386330323533393763666533316535306566
30623432613236333661363561373838353763643265666235616666333765393162336230303936
35613539656161353365353466663339626362366464323565393934396437333132313763643132
33353566633564303335393938383138356461623836623564373636646236656365383262633462
37616361626530306539373564346131313934306562613962376365626632353038643133663266
33353639323962643863373136386363636266393531353630373234633566326236323438643135
31626330666637613138656563323636623564353463303437336533633839643164346164386465
37346337313565663037373438353636303034393538303038663037353030643963393031343435
35613062626538366362383166666234353561366362353264653136636233303238623531373934
64366638393837313032326330383138656133353362386434666433383139386436643234353066
30343139383963306165303533613066306365343863306530383836306134646433313335303139
63343962646230356139636563356235393934303861343462623935363465353936616437303734
38346433313934383032623363346234616635333431623738663362376261663030306335393536
37316337363239303165363361656536386232303735643763343937383638306431613639663233
35323730346533363530353464613634633534313362346237363332396434616135643162343261
35363761346664633464393938303639613164306463666566623230633639613032333562346237
31383134303737326132653831653538393465363832666336373434373133636231666435623661
33613439633334396636643932656539623765376631366261326333363131333161613463653039
61303662623732623965336166626135626161366232396133313038396531336638353634376535
66386232663038656339613263663535306235316461363032323263383465313039306536396638
63613162336134343231646435653465393830353564623562633830666362633336656338313435
38613662303432336139316566653237326237626437353436633036643864346137376663626361
30666637373538633061386532383964666563653063343439623437373265626564383665633265
62613838643831623466663830663537396465356330653031323135626636313563313033666339
62376566363161616664623431313063303964613437666239656539623561373461626633373331
63323639366332613331623732636636303763613134323832393161643534333334343838363636
31653330373133326137323063623765316437396262396234336537386333333531653464333366
66303033303035313831303530356536353930623464313032623834373537366133343064623338
32626130633038323032316437316637393439656334373662343233363939343063643164623364
35386239643633313561333332666266646437316664356330393166633664343238393434303561
62323133646631633663393861346432646530613162366262623661396337383733353264646236
66636637383238613132353135326434656230616338616334306138333963323936366431346238
63653932616230626635353637613132323061626439633466383139306265383763353965666539
30653465363461656532346137666662616432386262383734623931663233376132353065373064
64373231623831646536663263386339323336386634353933363236343365343337396334666639
63343735366139353431346562316365643931643434626630366330313336343631396432333932
66313332396138353664633435323138616263363965623039626432323739363166356662383463
33633761666232656463323033323564363439343137616564613333616236396539353031343934
38666538343230366164393862643232376163376230306665613863643839343865633339346337
33306661643830646261363861373730393361653537333432663638353135333065333935636136
31343465373836666235313635396134346538393236343631616334303731646632393066346133
32313935303731303133303232306634363164313565613466383735383936303964383931363039
37643734623761336531333963363535363636656137306363633963363730366566383537633032
39653763616264663238623664346333343336646537303063663263326632303832316132313632
66623135363139313132386432323066656530343034323533356361653430623963303664623335
33623461393133383631316237393961396631363033373966633436393461393463643931646637
35613562613737646262643761623434613763656165623266323161386430623535343639323863
37363736626563383863306234323530353730636339386433376461326530323263386334383632
38333732386230336636643664656533386131393832303837313161323966383061303830383838
33646265363939656465393931356535306539396635353339343361383539623130643662633565
63613735306161616364623334353132363239353037386661633135646435333331383063323236
34663232643262383163303431356339633831366238666235663638616439643362343738623330
30353433613262636333363566386366386238366638613633653062343465656633363830373630
30303039656133353532646163306333656432356138626438646335383131356132616436356130
62343234613233333836366264343435326131626534323363396261616531623063326637303361
61356238343263343737356333663135643334646261656664353965653335303534393338656636
37363538663030383665633433663337636534343739363733346132636532363961333761323831
35333533346632376532656165323039396637613161373866663136653765633566356437636530
61323339613466353738343166306535373933353262633665373334373264383163333637343837
31303765346564346438383237313361666537316366393566373961373862353130613932396535
61343639653534333465373765336538313162356135316338616263326334373033323965633439
34306532643437316538646435643233636361626231373761336434643935363362306631623935
36636533306161383461353533643835393337326237386565363736346166643238353431633463
61646662373966386162646137633439373066623265643438383232393031383364643766323238
34623836323761363637343761643535356331303163323237666531313034303365353462373536
38623865646463373635386463346133353732366666306465616562666237353639303238393734
34313362343632613837333739343439366432633738626235656231333938633061323736656438
34643736356661616666626564663161343961656536626336333436323130393536613338343362
34346138653739663937353739326631313837313336613933356630373538643739383438613735
34346566366231373736666139643532373037636232396537316561616634336533373466623465
35386239643934316135316332363737663530363534363365343365643764356136316134643366
62323535393238373837326363643336373464326137396334623332653230356432376561346336
35383536386435643964383065376563356636343934306261636139623065613066666162623564
31373164356365386132623665636332333864323364363962383132396335626431396664323438
61626162376330613566613634373266633463376638363334633930616461343235623439356438
38663038336138653530383963613336303035653163633661663133343736613464353330653532
61643763393734333838663339376461656231343437623036346166313562313132346164643565
65663631353433353931663032343939656639363762363730613030656239656438356463356365
38313939373762613233343434636231626362356264323064633033333165643832396261323234
30333836383462396465396138383935633330366232656566343034623465616139393836343932
33346461356562323165623466393434646663626534376666616263303762663930306634643361
61336639626539613531396430393961346139396632633633363633303262393161346663643465
34636466626332623135326631353732653838313162626162643132636166656631323065306562
30393165386231666566383334613866616231646139333862333062303165373761313931383836
34633135656633343465653034313135646261353266633635323566653563623534663831643861
34636531366434323432313466633936613635376632613766376665363139363961326232333766
34613965336163386637346562396562613064306662653631656235643536373932353935643036
33386531383531373334346466356262323236323763396261616234316235343731316662643762
39393439363561323332313065643065626236366438616364623062333938653037346539363361
34343266356336376166613436366661356462383734333939336534376465626537393165303032
64626533653334643163366164353363323831363439636561323133336234333338363032656238
33653437386263666631373466343363386133363336323630616135336535616662363663646333
37323763356239616431643465633539643762316239396135356366663664373462383233306132
38646264633166636537666634393034393832653862376637393138353733383333366137376133
64626662383334356265386336363364326438643838366334636366643233316139653031393965
35376362396662373066386437633964386363336534316665623036366538623066316464303361
62353633666262663430643835643264316561626431326130363266383566346661643463376564
64306265313931386239663232323533636233333234313330303965323738643861313237303164
61666138336533383334613333346365363639666166383764343734643232633637346534366262
62643834383931656466663433626366393661376364313239666334626261633931336331363962
62316461636638336133383838646561636633656464663262373662353738326363383130633864
64336136376237623733323131313433633465313362353133383631633631353233333635363065
66396661383538663761656563383736343164326465393564666562333266653239616636393639
30396562343264623365663431333934373966383834643335363465353132356435623337353866
38343934613034373562363639663030353231316665376439356665303238366563353561626536
32613037623461353138346338623765623130613338633562313939626435303764373131313464
34366334343830333263346231313835666435353631623538663933373230656535373061623337
65616538613035626438363466656636333736663333386336643165343731623739636465363264
35376632383530393637393135336331313934666338396532666637323835373330616532353064
61366261653165633439663336633661306330393731366230646135626465316238346338306435
61616466353562623337656463323639353936363438663565373563633564663334653530303834
39653436323639393731653037356537366331626138356430323264353562303431376361333231
64376262346330383636663564343364376666386437376338636266333061383736316437313965
65363430613564643231306564653266613132383138306563626133316537383963633238356139
65633264663663333234383465376366633835666632383934363464363534646537303030646530
34346234313439316534373333383265396363323531643865613830663662326564373563366139
38393434343636633864363830316537653866363661633432633532356531646437656662636163
62333736643936336132653134396361303166643062346233326636376337316431373061386364
65666430666236316137326333353933653031353034373762643263643337303466343162646136
63346630633939333635623234356637356432653162646331373063393834373735306135343036
62373063303237393433373338306137336561616461383435356630646131313664623566646434
30343937613436383139653434343333386333336261633034656265396661333931326264613663
30363036306638316536333531636465353634656265613563363462636134313034373665623230
36306432663635653663653266393533653133366461363230356338626566393937363836306562
38653031323337356334373764346164313932663138343066613732666231366430333132643566
39363330323162346235613531356563623166363965336161663663333337616264666434646662
30633130616538343165303131633935363566623033303664666535383830383064393339643438
39393239373934303130363039623839623137356132306338353930323837323164336534343430
35646131303030646661326237343430383730633239313965396165663265656664623236356435
64656461323239643465646165303962383135363638616364336663643239353766303938333563
31643930613831363165306436326363366661396164623631613538306439333763373866353136
39626636366237333836363766313330636362393433363536336434626361396135303839613935
39643431376263313832643639393764386134386266653364323863616337333735653635636534
6261
